R 0.00 300.00 800.00 9.00
R 400.00 150.00 26.67 150.00
R 0.00 200.00 266.67 9.00
R 800.00 220.00 266.67 9.00
R 1313.33 220.00 286.67 9.00
R 1930.00 220.00 266.67 9.00
R 2390.00 180.00 266.67 9.00
R 2666.67 100.00 133.33 9.00
R 2466.67 40.00 133.33 9.00
R 2800.00 -20.00 533.33 9.00
R 3000.00 -170.00 26.67 150.00
R 3133.33 -105.00 133.33 9.00
R 1760.00 525.00 446.67 9.00
R 2400.00 525.00 33.33 9.00
R 2666.67 525.00 33.33 9.00
R 2933.33 525.00 33.33 9.00
R 3200.00 525.00 33.33 9.00
R 3373.33 500.00 200.00 9.00
R 3640.00 420.00 100.00 9.00
R 3773.33 330.00 22.22 75.00
R 3906.67 240.00 22.22 75.00
R 3733.33 150.00 22.22 75.00
R 3866.67 50.00 133.33 9.00
R 3600.00 -10.00 133.33 9.00
R 3393.33 -70.00 113.33 9.00
R 2266.67 -110.00 400.00 9.00
R 2133.33 -170.00 22.22 90.00
R 1866.67 -70.00 22.22 90.00
R 1683.33 -110.00 22.22 90.00
R 933.33 -150.00 533.33 9.00
R 933.33 -230.00 266.67 9.00
W 958.33 -320.00 22.22 90.00
D -800.00 1125.00 6400.00 450.00
