R 0.00 300.00 533.33 9.00
F 533.33 300.00 266.67 9.00
R 533.33 470.00 533.33 9.00
R 772.41 150.00 26.67 150.00
R 1378.33 470.00 266.67 9.00
R 1956.67 470.00 266.67 9.00
D 1333.33 550.00 1606.67 22.50
R 2490.00 450.00 22.22 56.25
R 2490.00 187.50 22.22 112.50
R 2640.00 450.00 22.22 56.25
R 2640.00 187.50 22.22 112.50
R 2790.00 450.00 22.22 56.25
R 2790.00 187.50 22.22 112.50
R 2940.00 450.00 22.22 56.25
R 2940.00 187.50 22.22 112.50
D 2640.00 300.00 22.22 18.75
D 2790.00 431.25 22.22 18.75
D 2940.00 300.00 22.22 18.75
F 3033.33 450.00 266.67 9.00
F 3696.67 450.00 266.67 9.00
R 4250.00 375.00 266.67 9.00
R 4743.33 300.00 266.67 9.00
D 4743.33 291.00 50.00 9.00
R 5316.67 375.00 266.67 9.00
D 3300.00 500.00 22.22 300.00
D 3300.00 500.00 400.00 9.00
R 3033.33 800.00 266.67 9.00
F 2726.67 760.00 22.22 9.00
D 2353.33 800.00 660.00 9.00
F 2393.33 760.00 22.22 9.00
R 1900.00 900.00 266.67 9.00
R 1860.00 1050.00 1200.00 9.00
D 2363.33 993.75 16.00 56.25
D 2530.00 993.75 16.00 56.25
D 2696.67 993.75 16.00 56.25
D 2863.33 993.75 16.00 56.25
R 3033.33 975.00 26.67 75.00
R 3060.00 975.00 266.67 9.00
R 3638.33 975.00 266.67 9.00
R 3300.00 975.00 26.67 75.00
R 3638.33 975.00 26.67 75.00
D 3326.67 1050.00 311.67 22.50
D 3905.00 900.00 16.00 75.00
R 3921.00 900.00 32.00 75.00
R 4054.33 800.00 32.00 75.00
R 4266.00 700.00 32.00 75.00
R 4482.67 600.00 32.00 75.00
R 4699.33 550.00 400.00 9.00
R 5232.67 470.00 32.00 9.00
W 5516.67 285.00 22.22 90.00
D -800.00 1350.00 7200.00 450.00
